-0.4921113990225536
-4.9050786976635266
-4.905634943290001
-4.905586326964625
-5.456349904379694
-0.004753811478031487
-4.90542563981743
-4.9041302836225515
-4.905763247720124
-5.45634287717857
-5.455633384108514
-5.456804434932441
-4.9055215088738775
-4.738099474199578
-4.9041869203706465
-4.905192081857892
-4.902684436273376
-4.903446850117812
-5.455385297417326
-5.443962983841863
-4.902147324026225
-4.9053122291396924
-5.396053687053046
-4.905046304540585
-5.110630230255672
-5.456558400479347
-0.007682676326274124
-5.448837976392395
-4.902010063424644
-4.905440492168186
-4.905159685061919
-4.898712060259346
-4.905296028664217
-4.905618737585601
-0.004295100753484609
-4.905015262115705
-0.007451332352585039
-4.90503145804323
-0.008809994284126706
-4.903126188312222
-5.455130253572971
-4.905456694984242
-5.449589194249493
-4.905456694984242
-0.007124116362394361
-4.905570122048061
-4.338317547818399
-0.005065095968308211
-4.905634943290001
-5.45519108381217
-4.902435363395389
-4.895717693213016
-5.330026839825477
-4.901673720039094
-5.453912088502442
-5.455542099772959
-5.455404018794097
-5.447803940248418
-4.837879342172
-5.439295848607615
-5.456464688988844
-4.905015262115705
-4.905472898062818
-4.905344630878047
-5.449740436354653
-4.903367348739639
-5.453003523050676
-4.905570122048061
-4.905208280649453
-5.451650380754959
-5.456520914829318
-4.905393235454182
-5.456579486775013
-0.006190531863862375
-5.456481087865756
-5.456303057304934
-4.90542563981743
-5.456567772111417
-4.897169564608803
-5.456806778408731
-4.905015262115705
-5.455471886723132
-4.905456694984242
-0.008117991911971602
-4.903446850117812
-4.905393235454182
-3.0885052348212105
-5.450115149941706
-4.290336818666831
-5.449894028669754
-0.011751094455143631
-5.456663836404276
-4.721089584295845
-4.8991990232765525
-4.904443174317011
-4.9050948946184905
-4.905570122048061
-0.004448781168459649
-0.007435061696476726
-4.8841409787219945
-5.443944475434418
-5.454510464024299
-4.8976892712809255
-5.44496989457461
-4.905489101403955
-0.0074778697058406635
-4.905360832140942
-4.905602532143807
-4.905537713002696
-4.905328429877644
-4.905537713002696
-0.006962894787311433
-4.905618737585601
-5.4558979216784875
-4.89899106239928
-4.905296028664217
-5.428077593251635
-5.456438919868448
-4.905015262115705
-4.905192081857892
-4.905456694984242
-4.905263628500595
-5.449407733912038
-4.905649798749754
-5.451202847077574
-5.45616018728011
-4.249153058363076
-5.45110730593597
-4.90470893855602
-5.455958798634471
-5.456567772111417
-4.823577471139362
-4.905472898062818
-4.905553917394077
-4.904869510570549
-4.905570122048061
-5.386191661198588
-4.904491735096911
-4.905328429877644
-4.905586326964625
-4.786212561283666
-5.455926018274587
-4.905570122048061
-5.454982872568244
-4.905472898062818
-1.339834147273089
-4.9021311747422365
-4.905224479703436
-4.9034953625383535
-4.90390511685324
-5.456378013678018
-4.905698418161068
-4.900888462403335
-5.456108665393836
-5.45634287717857
-5.455553802427238
-4.905634943290001
-4.905175883328711
-4.904901897966995
-5.452569384843198
-5.456532628944006
-5.450340976859139
-4.895749785553377
-5.45636395893009
-0.9502966855512599
-5.456544343195917
-5.4566521207525165
-5.455724676777658
-4.903142353673094
-4.905296028664217
-5.455474227078703
-5.456624003748288
-5.456527943281665
-5.454524492745768
-0.06925384482324468
-4.905489101403955
-4.9050948946184905
-4.9041869203706465
-5.455163007857351
-4.9042179370920245
-4.905649798749754
-4.905489101403955
-4.905763247720124
-4.90339968752071
-4.905649798749754
-5.4528868007073195
-5.456525600458727
-4.904773703997199
-5.413512753058127
-4.904982871047541
-5.4561555033625755
-5.455865143314078
-5.440215088076613
-5.413375867123167
-0.007861258884336355
-5.43919453055173
-4.905175883328711
-5.439159992651562
-4.905602532143807
-4.905192081857892
-3.0969801466205995
-5.397053207234226
-0.016222760273245217
-4.905649798749754
-4.905127289315479
-0.004280930119680413
-5.454262655723791
-0.012702273375884518
-5.456621660700287
-5.351165553365049
-4.905344630878047
-5.446367360129022
-4.905472898062818
-4.905328429877644
-0.007479975395386176
-4.905328429877644
-5.4564717170460195
-4.905360832140942
-5.43744610943631
-5.456115690949294
-4.905698418161068
-5.456043095922959
-5.456368643824117
-5.410194625683795
-4.905570122048061
-4.905602532143807
-5.456281976837275
-5.454908020693052
-4.904170738115292
-4.904507922547581
-5.449982471311268
-4.903479191470005
-4.9045564864718845
-5.456659150127102
-0.008212339136120054
-4.905247428812433
-4.762864303047084
-5.455687222366695
-5.254183741534111
-4.904901897966995
-0.0074411870888809375
-5.456420179107058
-1.9107862780497011
-5.442612769544568
-4.905377033666323
-5.45560997707423
-4.90542563981743
-5.455446143173353
-5.456635719070641
-4.904426987914391
-5.44830339724452
-4.9048533172656645
-4.9055215088738775
-5.455703608498878
-0.007558886536937707
-5.456790374190033
-5.454480069136249
-5.452485379858852
-4.902684436273376
-4.905472898062818
-5.428902247262632
-4.858559050138328
-5.447327946021019
-4.905143487057521
-5.456244501547539
-4.902909328322783
-5.455366576391039
-4.904315039135568
-4.905224479703436
-5.44918211762391
-4.900567276134712
-4.784115050230631
-0.2364070868985028
-5.170239065035954
-4.904837124223014
-4.794498230995082
-4.905046304540585
-4.905263628500595
-5.456661493262944
-5.4557129721235365
-5.4550062649283
-4.905618737585601
-5.406140912977349
-0.007451030108881979
-5.455265956878958
-5.36757098631258
-4.905505305007643
-5.44289237315628
-5.456773970240431
-5.456347561973833
-5.453134268251813
-4.156775865104354
-4.9056822114279734
-4.905537713002696
-4.9056822114279734
-4.899495610048139
-0.0042830090023615935
-3.4115207850982445
-5.4562983727181615
-5.45649514426001
-5.456729446590749
-5.4564600036448345
-4.901609155052399
-5.454886969612605
-4.905247428812433
-4.90542563981743
-4.904806088290817
-4.905730832415236
-5.455553802427238
-5.441511291443713
-5.456183607196877
-5.4563405347891685
-5.43155851558302
-5.453185637115289
-4.9055215088738775
-5.104722921522377
-4.713043856976948
-4.905456694984242
-4.905360832140942
-4.905472898062818
-5.454755995068256
-5.434350170809985
-4.904315039135568
-4.9055215088738775
-4.769256225113923
-5.455790225372601
-4.904789896012923
-4.904934286412418
-4.905586326964625
-4.891415957081345
-4.905247428812433
-5.456157845318601
-5.4561484775274085
-4.904741320752289
-5.455785543187612
-5.455813636626392
-4.904885704137647
-5.456207027662149
-4.905537713002696
-5.456195317360948
-5.456546686062766
-4.905602532143807
-4.905344630878047
-4.905472898062818
-5.45660057351532
-5.456804434932441
-4.904966675906886
-5.455727017724922
-4.891868742250525
-4.90470893855602
-0.007465447235267712
-5.456183607196877
-5.4564717170460195
-5.431848759172559
-5.456385041126059
-4.904412150608819
-4.904443174317011
-4.9034953625383535
-4.904065559838026
-5.445868868924025
-4.9026036490829625
-5.447525281986139
-5.4248765501801905
-4.905714625156809
-4.905586326964625
-5.455408699193054
-5.4565935445524785
-4.905393235454182
-4.905159685061919
-4.905489101403955
-5.454437985431754
-5.453407487511968
-5.444249907970911
-4.878954612982281
-4.889458025371861
-5.456621660700287
-5.4564764024449115
-4.898712060259346
-4.905570122048061
-4.901153283479267
-4.903383517999457
-4.9048222808309205
-4.905239329066769
-4.904966675906886
-5.441340520898908
-5.4560313875412785
-4.905570122048061
-4.869384460669682
-5.456602916513913
-5.021117541391895
-5.456534971783411
-4.896945959545298
-5.456378013678018
-5.436635052363972
-5.45660994554263
-5.455661473272886
-0.0043278014373887425
-5.452823776306351
-5.456101639887736
-4.903872761723334
-5.456450633022672
-5.456106323552985
-4.904885704137647
-4.9018338053824095
-4.861420777099941
-4.856863686107648
-5.455315095375822
-5.454863580042948
-4.905409437504558
-5.456420179107058
-4.905586326964625
-5.453447192248865
-4.905618737585601
-4.904918092058588
-5.367909703392733
-5.455979872290412
-4.905111091835815
-4.902372095302203
-4.905127289315479
-5.455579548748734
-0.008128748941341316
-0.014737069127026771
-0.009130486317560598
-4.905634943290001
-5.456654463871888
-5.451417265305809
-5.456804434932441
-5.44955429547339
-4.905456694984242
-4.905634943290001
-5.456745849809999
-5.456183607196877
-4.901689861937146
-4.905360832140942
-4.905263628500595
-4.905714625156809
-5.427208115065827
-5.45672007344341
-4.9049990664504675
-5.406123091517191
-4.905505305007643
-4.898423750416807
-5.4564717170460195
-5.456694297741227
-5.414150304880806
-5.368083393985894
-3.0989313490297574
-4.905224479703436
-5.456080563665578
-4.904837124223014
-5.262056799538288
-5.456258554616613
-4.894826205391883
-4.9007755650954135
-4.904426987914391
-4.893902142708866
-4.905553917394077
-5.456452975669981
-4.904081740391419
-5.4527117427335074
-4.904885704137647
-5.306289056203409
-5.456858336276589
-4.905344630878047
-5.456490458773305
-5.443454127416285
-4.904934286412418
-4.905175883328711
-5.451002454213685
-4.905192081857892
-4.905377033666323
-4.905570122048061
-0.004309542754149053
-5.453265030549494
-4.905602532143807
-5.456745849809999
-4.902749070725188
-5.456445947744519
-5.456764596675758
-0.004306168248532945
-3.70935525994395
-4.905570122048061
-5.456574800893106
-5.456338192405254
-4.869446978171343
-2.092837994797321
-5.456272607883178
-5.427196739472164
-4.905360832140942
-0.007478111507285593
-1.2753517344738368
-4.905666004957548
-5.456251528057391
-5.456762253298319
-5.453872365303037
-5.454276680969232
-4.144701873725695
-5.2830426217164215
-5.456565429195166
-4.88640508619085
-5.4547162383327
-5.456026704226991
-4.905344630878047
-4.801726579034069
-4.905570122048061
-5.455553802427238
-5.456602916513913
-5.455319775358599
-4.706206730165863
-5.456656806996749
-4.777897514929982
-5.43544837287259
-5.454545536196989
-5.456602916513913
-5.456640405238012
-4.904572674970757
-3.904930218814923
-4.903696175088607
-5.437407034949991
-0.004322829980705972
-5.454931411302192
-4.905618737585601
-5.453673772971553
-5.448712440831957
-4.9042179370920245
-4.905505305007643
-4.9055215088738775
-4.905763247720124
-5.4549454459302975
-4.903335011004331
-4.905570122048061
-5.419041974388834
-4.901609155052399
-5.404189123978782
-5.456246843712004
-0.004506026907804858
-5.453026869154329
-5.435324506877088
-4.893178978473721
-4.904901897966995
-5.454311744943457
-5.455820660109407
-4.904162647085821
-5.4230487360629445
-4.9050948946184905
-5.455434441778897
-0.0703930012112735
-4.904773703997199
-0.017398937474593503
-5.456204685590938
-4.890004317675748
-4.905409437504558
-5.456485773308553
-4.90542563981743
-4.904934286412418
-5.449186768992226
-4.905666004957548
-5.456942709430977
-4.905666004957548
-0.2381348996476061
-0.008495857812089228
-5.448291779131882
-4.905247428812433
-5.456612288563182
-4.870992924086975
-5.455558483527296
-4.904331223726211
-5.456715386902687
-4.90208272845504
-4.90229133333998
-5.454346810147207
-4.905489101403955
-5.456167213197549
-5.452107444733216
-5.455495290525316
-4.904605052754756
-5.454229930916046
-4.904002188524576
-5.455078784722142
-5.455170026772157
-5.3395915466221044
-4.905143487057521
-4.9048533172656645
-4.835925130603734
-4.905537713002696
-5.450445759243686
-5.4567692834471115
-5.45485656327873
-5.45520746181651
-4.9055215088738775
-5.455923676861427
-5.455900263031345
-4.905263628500595
-5.452539048895915
-4.905247428812433
-4.905666004957548
-5.456668522703412
-5.450757842940545
-4.902307485210627
-5.456710700383927
